{
  "1": {
    "1": {
      "num_records": 41,
      "avg_translation": [
        -0.135455777576655,
        -0.374994371025456,
        2.7459133316975097
      ],
      "avg_rotation_matrix": [
        [
          0.9940085267162106,
          0.06992194637707515,
          -0.04418053316083205
        ],
        [
          -0.07225661230798208,
          0.9833377695148873,
          -0.14026118039684038
        ],
        [
          0.03441082821744471,
          0.14354867615903938,
          0.9825080090961777
        ]
      ],
      "avg_angle": [
        0.1450101289288615,
        -0.03451883923970668,
        -0.07258889942432921
      ],
      "avg_area": 956.4184878888346,
      "avg_center": [
        413.2682926829268,
        225.1951219512195
      ],
      "avg_offset": [
        -66.73170731707317,
        -134.8048780487805
      ]
    },
    "5": {
      "num_records": 10,
      "avg_translation": [
        0.3705318209412215,
        -0.9583030688155523,
        2.6973414869245307
      ],
      "avg_rotation_matrix": [
        [
          0.011013479416685165,
          -0.9774171136199706,
          -0.04051842900459958
        ],
        [
          0.9771683493522125,
          -0.008295469114169243,
          -0.1626478290999608
        ],
        [
          0.16743667613525903,
          -0.043124844264420654,
          0.9551370391668185
        ]
      ],
      "avg_angle": [
        -0.036056108935289446,
        -0.17019855632046213,
        1.5589454599904367
      ],
      "avg_area": 991.6810969090402,
      "avg_center": [
        585.8,
        24.2
      ],
      "avg_offset": [
        105.8,
        -335.8
      ]
    }
  },
  "2": {
    "1": {
      "num_records": 45,
      "avg_translation": [
        -0.002976444543413971,
        0.36443825574157046,
        1.1381251544459223
      ],
      "avg_rotation_matrix": [
        [
          0.9832934707911701,
          0.04754386299109411,
          -0.16949161992546663
        ],
        [
          -0.08438134053415379,
          0.9715378139673074,
          -0.2202369144650932
        ],
        [
          0.15432811629186605,
          0.2312678091886158,
          0.9593021987042811
        ]
      ],
      "avg_angle": [
        0.23654451573498894,
        -0.1550874208942264,
        -0.08564795508622333
      ],
      "avg_area": 5137.42405027534,
      "avg_center": [
        454.68888888888887,
        644.7555555555556
      ],
      "avg_offset": [
        -25.31111111111111,
        284.75555555555553
      ]
    },
    "5": {
      "num_records": 51,
      "avg_translation": [
        0.43879617003304666,
        -0.2328630092351238,
        1.097219326915343
      ],
      "avg_rotation_matrix": [
        [
          -0.010570050899185118,
          -0.9668333910683933,
          -0.25275058873906253
        ],
        [
          0.9898460168924966,
          0.02563948197122039,
          -0.13944824652862242
        ],
        [
          0.14142039138849083,
          -0.2516634954509517,
          0.9567525152532097
        ]
      ],
      "avg_angle": [
        -0.25721688278413857,
        -0.14190135390762543,
        1.581474710226801
      ],
      "avg_area": 5594.0423194679415,
      "avg_center": [
        831.6470588235294,
        146.41176470588235
      ],
      "avg_offset": [
        351.6470588235294,
        -213.58823529411765
      ]
    }
  },
  "3": {
    "0": {
      "num_records": 58,
      "avg_translation": [
        0.9190743347023138,
        -0.31237728468016035,
        1.9969771087829618
      ],
      "avg_rotation_matrix": [
        [
          0.031910283490169805,
          -0.19003048511408913,
          0.9810012352335263
        ],
        [
          0.9904513647758825,
          -0.12562589110678948,
          -0.05658665913135755
        ],
        [
          0.13397052827308178,
          0.9734520192183418,
          0.1842064480365255
        ]
      ],
      "avg_angle": [
        1.383770606356309,
        -0.1343756283044591,
        1.538590014854958
      ],
      "avg_area": 1159.9684494429926,
      "avg_center": [
        883.4827586206897,
        207.0
      ],
      "avg_offset": [
        403.48275862068965,
        -153.0
      ]
    },
    "2": {
      "num_records": 58,
      "avg_translation": [
        -0.1222150998629358,
        0.1851383887457066,
        1.537492336130612
      ],
      "avg_rotation_matrix": [
        [
          0.9148308621958229,
          -0.36801534122768065,
          0.16469331483325575
        ],
        [
          0.39293105216888596,
          0.9058253116046129,
          -0.15816954131505095
        ],
        [
          -0.09099049905855851,
          0.20939085460234239,
          0.973289448825941
        ]
      ],
      "avg_angle": [
        0.21192579648020826,
        0.09113522505290662,
        0.40568610965774893
      ],
      "avg_area": 2853.0178672575535,
      "avg_center": [
        385.4310344827586,
        461.2586206896552
      ],
      "avg_offset": [
        -94.56896551724138,
        101.25862068965517
      ]
    }
  },
  "4": {
    "3": {
      "num_records": 87,
      "avg_translation": [
        0.44821593581050356,
        -0.4832480791219209,
        2.255153244504171
      ],
      "avg_rotation_matrix": [
        [
          0.826159328012969,
          -0.5524940035660342,
          -0.10539561647818599
        ],
        [
          0.5346788471011531,
          0.8298644657754888,
          -0.15857004204067543
        ],
        [
          0.17517609233980944,
          0.07481344066092231,
          0.9810208179538432
        ]
      ],
      "avg_angle": [
        0.07604814835252156,
        -0.17616479604568328,
        0.5743770240233165
      ],
      "avg_area": 1421.627488610407,
      "avg_center": [
        643.2298850574713,
        154.22988505747125
      ],
      "avg_offset": [
        163.22988505747125,
        -205.77011494252875
      ]
    },
    "0": {
      "num_records": 37,
      "avg_translation": [
        0.9564420705649431,
        -0.6409695882705174,
        1.9345434677272457
      ],
      "avg_rotation_matrix": [
        [
          0.0590449849315473,
          -0.37784608697524197,
          0.9237298394482838
        ],
        [
          0.9846031787625639,
          -0.12975346698645335,
          -0.11612820025481888
        ],
        [
          0.16387085652283834,
          0.9164700535240469,
          0.3642934974441236
        ]
      ],
      "avg_angle": [
        1.192424194868125,
        -0.1646275110239269,
        1.510884000662325
      ],
      "avg_area": 1647.7640762188962,
      "avg_center": [
        914.7567567567568,
        46.32432432432432
      ],
      "avg_offset": [
        434.7567567567568,
        -313.6756756756757
      ]
    },
    "2": {
      "num_records": 52,
      "avg_translation": [
        0.40599469438781327,
        -0.28184040305183394,
        1.0718765001248949
      ],
      "avg_rotation_matrix": [
        [
          0.9307457472133909,
          -0.36116765544536283,
          -0.04905457015892775
        ],
        [
          0.3435377459774717,
          0.9143554096274683,
          -0.21420063704112607
        ],
        [
          0.12227043744418542,
          0.18264929510658157,
          0.9751044426014944
        ]
      ],
      "avg_angle": [
        0.18512957578320413,
        -0.12262448371587722,
        0.3535751691705466
      ],
      "avg_area": 6624.360598599937,
      "avg_center": [
        811.3076923076923,
        108.51923076923077
      ],
      "avg_offset": [
        331.3076923076923,
        -251.48076923076923
      ]
    }
  },
  "5": {
    "0": {
      "num_records": 82,
      "avg_translation": [
        -0.0802317858626486,
        0.1595965185486597,
        0.7619881142311566
      ],
      "avg_rotation_matrix": [
        [
          0.9647506015966705,
          -0.23659984512368062,
          -0.11518614807932058
        ],
        [
          0.19055238230313992,
          0.9299991817579593,
          -0.31424382815545854
        ],
        [
          0.18147156567777517,
          0.28121968551415794,
          0.9423026741864631
        ]
      ],
      "avg_angle": [
        0.2900260332808581,
        -0.18248370668511996,
        0.19500400647831337
      ],
      "avg_area": 11019.098896633015,
      "avg_center": [
        362.3292682926829,
        543.3170731707318
      ],
      "avg_offset": [
        -117.67073170731707,
        183.3170731707317
      ]
    },
    "4": {
      "num_records": 82,
      "avg_translation": [
        -0.4471137601696359,
        -0.5925731383061955,
        3.4562830457361415
      ],
      "avg_rotation_matrix": [
        [
          0.0635869917888247,
          0.9729127706628058,
          0.0015167580737508052
        ],
        [
          -0.9636630420030816,
          0.08636402878443833,
          -0.22292725576898584
        ],
        [
          -0.22776177315948917,
          0.01880315112126755,
          0.9430198997334516
        ]
      ],
      "avg_angle": [
        0.017251289839521042,
        0.23126796255378138,
        -1.504590025582029
      ],
      "avg_area": 589.0171021182664,
      "avg_center": [
        340.2073170731707,
        193.09756097560975
      ],
      "avg_offset": [
        -139.79268292682926,
        -166.90243902439025
      ]
    },
    "8": {
      "num_records": 82,
      "avg_translation": [
        0.44061038676791603,
        -0.16546877247087333,
        2.5911388780627624
      ],
      "avg_rotation_matrix": [
        [
          0.9340616219822742,
          0.019573168079470665,
          0.3557438206279804
        ],
        [
          0.06571564999466842,
          0.9713968435025636,
          -0.226865217380072
        ],
        [
          -0.3501956851102168,
          0.23544662982737827,
          0.9060284074043219
        ]
      ],
      "avg_angle": [
        0.25412184368494994,
        0.35788172963300124,
        0.07025755076123867
      ],
      "avg_area": 1047.9057606884573,
      "avg_center": [
        616.060975609756,
        292.0365853658537
      ],
      "avg_offset": [
        136.0609756097561,
        -67.96341463414635
      ]
    }
  },
  "6": {
    "4": {
      "num_records": 44,
      "avg_translation": [
        -0.21222905577095946,
        -0.13753776963109626,
        1.1026111053843968
      ],
      "avg_rotation_matrix": [
        [
          0.07038688431255763,
          0.9877801138767217,
          0.1389326021133617
        ],
        [
          -0.9552565691575193,
          0.10684710590679435,
          -0.2757528482834113
        ],
        [
          -0.2872319782687811,
          -0.11330878593517428,
          0.9511047398152995
        ]
      ],
      "avg_angle": [
        -0.11857287524063033,
        0.2913396683122918,
        -1.4972454327433697
      ],
      "avg_area": 5653.955113240457,
      "avg_center": [
        282.04545454545456,
        236.3181818181818
      ],
      "avg_offset": [
        -197.95454545454547,
        -123.68181818181819
      ]
    }
  },
  "7": {
    "11": {
      "num_records": 87,
      "avg_translation": [
        -0.029860699888409666,
        0.2806931750238705,
        0.9837125603604836
      ],
      "avg_rotation_matrix": [
        [
          0.9965946926801558,
          -0.08067622275272839,
          0.01668423344294073
        ],
        [
          0.08235946015180172,
          0.9708853972309016,
          -0.2248964535898548
        ],
        [
          0.0019447780839570382,
          0.22550502239935197,
          0.9742242905344342
        ]
      ],
      "avg_angle": [
        0.22746536413026003,
        -0.0019447886637553409,
        0.08245351312051513
      ],
      "avg_area": 6744.050843357783,
      "avg_center": [
        431.3333333333333,
        613.0574712643678
      ],
      "avg_offset": [
        -48.666666666666664,
        253.05747126436782
      ]
    }
  },
  "8": {
    "9": {
      "num_records": 78,
      "avg_translation": [
        0.0980851198621639,
        0.16813027903912128,
        1.2525560660248207
      ],
      "avg_rotation_matrix": [
        [
          0.9953833282657089,
          0.08160616908272918,
          0.05004766393420317
        ],
        [
          -0.06717867705269479,
          0.9678703036263883,
          -0.24220856232312662
        ],
        [
          -0.0682128605157279,
          0.2377346621023199,
          0.9688855354785465
        ]
      ],
      "avg_angle": [
        0.24061510250472848,
        0.06826735382568055,
        -0.06738769907317513
      ],
      "avg_area": 4296.968362892196,
      "avg_center": [
        531.3205128205128,
        474.06410256410254
      ],
      "avg_offset": [
        51.32051282051282,
        114.06410256410257
      ]
    },
    "10": {
      "num_records": 78,
      "avg_translation": [
        0.6566338599408856,
        -0.6448530963485745,
        3.1750721466898018
      ],
      "avg_rotation_matrix": [
        [
          0.9254703742435398,
          0.3004815603989525,
          0.21689282903712623
        ],
        [
          -0.2575070752804838,
          0.9408759924927319,
          -0.20462038805537194
        ],
        [
          -0.2671897045143558,
          0.13426929716851993,
          0.9481061167521679
        ]
      ],
      "avg_angle": [
        0.1406834653078204,
        0.27126065820326195,
        -0.27116026535454846
      ],
      "avg_area": 735.3343192522402,
      "avg_center": [
        649.8589743589744,
        164.05128205128204
      ],
      "avg_offset": [
        169.85897435897436,
        -195.94871794871796
      ]
    }
  }
}